total_citations: 13.666666666666666
total_valid_citations: 4.333333333333333
valid_rate: 0.3170731707317073
